53	4.05E+00	2.19E-02	4445.48	18.89	4464.37
52	4.10E+00	2.34E-02	4431.85	18.74	4450.58
51	4.14E+00	2.36E-02	4418.21	18.59	4436.80
50	4.19E+00	2.68E-02	4398.57	18.43	4417.00
49	4.23E+00	2.93E-02	4384.92	18.30	4403.22
48	4.27E+00	2.48E-02	4371.26	18.18	4389.44
47	4.32E+00	2.36E-02	4351.60	18.04	4369.64
46	4.36E+00	2.47E-02	4337.94	17.94	4355.88
45	4.41E+00	2.49E-02	4324.27	17.82	4342.09
44	4.45E+00	2.26E-02	4304.60	17.70	4322.30
43	4.49E+00	2.42E-02	4290.93	17.61	4308.54
42	4.53E+00	2.63E-02	4277.25	17.52	4294.76
41	4.57E+00	3.16E-02	4257.57	17.41	4274.97
40	4.61E+00	2.74E-02	4243.88	17.33	4261.22
39	4.66E+00	2.20E-02	4230.19	17.26	4247.45
38	4.71E+00	2.14E-02	4210.50	17.17	4227.67
37	4.75E+00	2.20E-02	4196.81	17.11	4213.92
36	4.79E+00	2.50E-02	4183.11	17.05	4200.17
35	4.82E+00	2.49E-02	4140.81	16.88	4157.69
34	4.86E+00	2.64E-02	4127.11	16.83	4143.94
33	4.89E+00	2.61E-02	4113.39	16.79	4130.18
32	4.95E+00	2.00E-02	4094.61	16.73	4111.35
31	4.98E+00	2.41E-02	4080.00	16.70	4096.70
30	5.02E+00	2.43E-02	4067.14	16.68	4083.82
29	5.06E+00	2.56E-02	4046.58	16.63	4063.21
28	5.09E+00	2.74E-02	4032.87	16.61	4049.48
27	5.12E+00	2.84E-02	4019.16	16.60	4035.77
26	5.17E+00	1.97E-02	3999.45	16.57	4016.02
25	5.21E+00	2.34E-02	3985.74	16.57	4002.31
24	5.24E+00	2.03E-02	3972.03	16.58	3988.61
23	5.28E+00	1.98E-02	3952.24	16.56	3968.79
22	5.32E+00	1.95E-02	3938.52	16.57	3955.10
21	5.35E+00	1.91E-02	3924.90	16.59	3941.49
20	5.38E+00	1.90E-02	3905.18	16.59	3921.77
19	5.41E+00	2.77E-02	3891.48	16.62	3908.10
18	5.45E+00	2.15E-02	3877.77	16.66	3894.43
17	5.48E+00	2.23E-02	3835.31	16.56	3851.87
16	5.51E+00	2.69E-02	3821.72	16.61	3838.32
15	5.55E+00	1.77E-02	3808.01	16.66	3824.67
14	5.58E+00	3.00E-02	3788.30	16.69	3804.99
13	5.61E+00	2.81E-02	3774.60	16.76	3791.36
12	5.65E+00	2.23E-02	3760.91	16.83	3777.73
11	5.68E+00	2.12E-02	3741.20	16.87	3758.07
10	5.70E+00	2.19E-02	3727.51	16.96	3744.47
9	5.74E+00	1.73E-02	3713.83	17.04	3730.87
8	5.76E+00	2.88E-02	3694.13	17.11	3711.24
7	5.79E+00	2.16E-02	3680.45	17.21	3697.66
6	5.82E+00	2.49E-02	3666.77	17.33	3684.10
5	5.84E+00	3.51E-02	3647.09	17.41	3664.50
4	5.88E+00	2.59E-02	3633.43	17.54	3650.97
3	5.91E+00	2.84E-02	3619.76	17.67	3637.44
2	5.93E+00	2.85E-02	3600.24	17.79	3618.02
1	5.97E+00	2.87E-02	3586.45	17.94	3604.39
0	6.00E+00	2.03E-02	3572.81	18.10	3590.91
