# index mean_distance_m sigma_distance_m sigma_wavelength_A
0 3.597388 0.014869 0.020300
1 3.609667 0.015284 0.028700
2 3.620111 0.014044 0.028500
3 3.642393 0.015418 0.028400
4 3.654919 0.015603 0.025900
5 3.666726 0.015217 0.035100
6 3.687513 0.016014 0.024900
7 3.701339 0.015154 0.021600
8 3.715602 0.016022 0.028800
9 3.734510 0.015236 0.017300
10 3.749750 0.015849 0.021900
11 3.762217 0.014918 0.021200
12 3.781608 0.015485 0.022300
13 3.796342 0.015661 0.028100
14 3.809855 0.015183 0.030000
15 3.827633 0.016277 0.017700
16 3.843321 0.015308 0.026900
17 3.853081 0.015070 0.022300
18 3.898564 0.014921 0.021500
19 3.913251 0.014973 0.027700
20 3.925547 0.015743 0.019000
21 3.942562 0.014755 0.019100
22 3.956900 0.015759 0.019500
23 3.974832 0.014471 0.019800
24 3.991243 0.015584 0.020300
25 4.005030 0.015820 0.023400
26 4.020074 0.014774 0.019700
27 4.039496 0.014775 0.028400
28 4.053128 0.015535 0.027400
29 4.066449 0.016165 0.025600
30 4.089310 0.014773 0.024300
31 4.102554 0.015117 0.024100
32 4.113207 0.014687 0.020000
33 4.134687 0.015732 0.026100
34 4.146952 0.015521 0.026400
35 4.161837 0.015823 0.024900
36 4.203564 0.015274 0.025000
37 4.215735 0.014434 0.022000
38 4.232393 0.015598 0.021400
39 4.248170 0.015508 0.022000
40 4.265538 0.015154 0.027400
41 4.276027 0.015281 0.031600
42 4.294564 0.015134 0.026300
43 4.312123 0.015568 0.024200
44 4.326700 0.013900 0.022600
45 4.346182 0.015637 0.024900
46 4.359333 0.016014 0.024700
47 4.373173 0.015096 0.023600
48 4.393817 0.014714 0.024800
49 4.406359 0.014698 0.029300
50 4.421458 0.015194 0.026800
51 4.440512 0.014215 0.023600
52 4.452859 0.015357 0.023400
53 4.467273 0.014284 0.021900
